
Predicted the number of susceptible, exposed, infected and recovered cases for the satet of New Jersey (NJ) after rounding of numbers

Susceptible:

[8936569.        , 8936568.96090618, 8936568.85530362,
       8936568.69449359, 8936568.48369296, 8936568.22391506,
       8936567.91312148, 8936567.54690049, 8936567.11883363,
       8936566.62065275, 8936566.04225085, 8936565.3715854 ,
       8936564.5944967 , 8936563.69445298, 8936562.65222683,
       8936561.44550245, 8936560.04840929, 8936558.43097482,
       8936556.55848623, 8936554.39074851, 8936551.88122356,
       8936548.97603254, 8936545.61280003, 8936541.71931562,
       8936537.21198415, 8936531.99403163, 8936525.95342876,
       8936518.96048652, 8936510.86507321, 8936501.49339452,
       8936490.64426548, 8936478.08479649, 8936463.5454013 ,
       8936446.71402019, 8936427.22943805, 8936404.67355242,
       8936378.56243286, 8936348.33598231, 8936313.34598616,
       8936272.84230257, 8936225.95691244, 8936171.68550763,
       8936108.86625304, 8936036.15531088, 8935951.99866568,
       8935854.59973804, 8935741.882222  , 8935611.44754683,
       8935460.52631843, 8935285.92310075, 8935083.95392066,
       8934850.37597341, 8934580.30919047, 8934268.1496551 ,
       8933907.47537994, 8933490.94577696, 8933010.19737586,
       8932455.74011437, 8931816.86108037, 8931081.54603294,
       8930236.43339014, 8929266.82179407, 8928156.75858996,
       8926889.24515218, 8925446.60156413, 8923811.03860069,
       8921965.48278622, 8919894.68766015, 8917586.63233765,
       8915034.15611107, 8912236.69633953, 8909201.90480088,
       8905946.83189776, 8902498.32763642, 8898892.36176285,
       8895172.12780157, 8891385.05806076, 8887579.15710324,
       8883799.261946  , 8880083.86940925, 8876463.01676863,
       8872957.42602169, 8869578.82738038, 8866331.16432065,
       8863212.29288142, 8860215.81033231, 8857332.74166989,
       8854552.92688268, 8851866.05249406, 8849262.34171378,
       8846732.95753998, 8844270.18716748, 8841867.47423036,
       8839519.35551334, 8837221.34505934, 8834969.7964539 ,
       8832761.76262224, 8830594.86548368, 8828467.18078792,
       8826377.14041622, 8824323.45193678, 8822305.03389555,
       8820320.96470391, 8818370.44301056, 8816452.75729684,
       8814567.26294345, 8812713.36505261, 8810890.50579048,
       8809098.15512048, 8807335.8040801 , 8805602.96000374,
       8803899.14312539, 8802223.8842163 , 8800576.7229516 ,
       8798957.20681733, 8797364.89037124, 8795799.334763  ,
       8794260.10743089, 8792746.78191161, 8791258.9377303 ,
       8789796.16033006, 8788358.04103225, 8786944.17701143,
       8785554.17127044, 8784187.63262079, 8782844.1756584 ,
       8781523.42073372, 8780224.99391779, 8778948.52696178,
       8777693.65725052, 8776460.02775697, 8775247.28698656,
       8774055.08891552, 8772883.09292637, 8771730.96376337,
       8770598.37145095, 8769484.99122935, 8768390.50349028,
       8767314.59371012, 8766256.95237375, 8765217.27490934,
       8764195.26163023, 8763190.61764989, 8762203.05281542,
       8761232.28164957, 8760278.02327764, 8759340.00135054,
       8758417.94398819, 8757511.5837248 , 8756620.65741101,
       8755744.90617803, 8754884.07536703, 8754037.91444856,
       8753206.17698489, 8752388.62055191, 8751585.00665967,
       8750795.10078218, 8750018.67214868, 8749255.49383833,
       8748505.34257997, 8747767.99883459, 8747043.24660008,
       8746330.87349006, 8745630.67054964, 8744942.43229004,
       8744265.95653432, 8743601.04464904, 8742947.5011828 ,
       8742305.13373162, 8741673.75335421, 8741053.1740917 ,
       8740443.21296647, 8739843.69028202, 8739254.42913617,
       8738675.25553211, 8738105.9986337 , 8737546.49002113,
       8736996.56440165, 8736456.05923927, 8735924.81453644,
       8735402.67300689, 8734889.48004799, 8734385.08362739,
       8733889.33427483, 8733402.08493006, 8732923.19089721,
       8732452.51001943, 8731989.90263672, 8731535.23131792,
       8731088.36092524, 8730649.15861833, 8730217.49377665,
       8729793.23795993, 8729376.26488579, 8728966.450413  ,
       8728563.67247375, 8728167.81089004, 8727778.74811139,
       8727396.36775046]

Exposed:

[1.00000000e+00, 8.54450946e-01, 7.95426782e-01, 7.97044901e-01,
       8.43612049e-01, 9.26078566e-01, 1.03979398e+00, 1.18309710e+00,
       1.35644339e+00, 1.56187989e+00, 1.80274744e+00, 2.08353408e+00,
       2.40983190e+00, 2.78836797e+00, 3.22709176e+00, 3.73530950e+00,
       4.32386071e+00, 5.00533602e+00, 5.79433807e+00, 6.70778884e+00,
       7.76528918e+00, 8.98953698e+00, 1.04068129e+01, 1.20475433e+01,
       1.39469529e+01, 1.61458200e+01, 1.86913512e+01, 2.16381943e+01,
       2.50496099e+01, 2.89988281e+01, 3.35706181e+01, 3.88631047e+01,
       4.49898694e+01, 5.20823821e+01, 6.02928116e+01, 6.97972780e+01,
       8.07996099e+01, 9.35356879e+01, 1.08278460e+02, 1.25343733e+02,
       1.45096853e+02, 1.67960400e+02, 1.94423055e+02, 2.25049788e+02,
       2.60493549e+02, 3.01508652e+02, 3.48966065e+02, 4.03870783e+02,
       4.67381514e+02, 5.40832814e+02, 6.25759794e+02, 7.23925405e+02,
       8.37350123e+02, 9.68343615e+02, 1.11953754e+03, 1.29391808e+03,
       1.49485585e+03, 1.72612983e+03, 1.99193999e+03, 2.29690140e+03,
       2.64600965e+03, 3.04456369e+03, 3.49802903e+03, 4.01181925e+03,
       4.59097236e+03, 5.23969748e+03, 5.96077425e+03, 6.75480196e+03,
       7.61932546e+03, 8.54790770e+03, 9.52928042e+03, 1.05467636e+04,
       1.15781875e+04, 1.25965432e+04, 1.35714982e+04, 1.44717370e+04,
       1.52678585e+04, 1.59353552e+04, 1.64571057e+04, 1.68248912e+04,
       1.70396753e+04, 1.71106886e+04, 1.70536139e+04, 1.68883089e+04,
       1.66365024e+04, 1.63197973e+04, 1.59581693e+04, 1.55690118e+04,
       1.51666770e+04, 1.47624093e+04, 1.43645501e+04, 1.39789017e+04,
       1.36091628e+04, 1.32573698e+04, 1.29243047e+04, 1.26098491e+04,
       1.23132743e+04, 1.20334710e+04, 1.17691221e+04, 1.15188294e+04,
       1.12812005e+04, 1.10549062e+04, 1.08387154e+04, 1.06315126e+04,
       1.04323046e+04, 1.02402185e+04, 1.00544959e+04, 9.87448287e+03,
       9.69961942e+03, 9.52942868e+03, 9.36350586e+03, 9.20150823e+03,
       9.04314596e+03, 8.88817395e+03, 8.73638468e+03, 8.58760200e+03,
       8.44167589e+03, 8.29847793e+03, 8.15789760e+03, 8.01983905e+03,
       7.88421853e+03, 7.75096223e+03, 7.62000446e+03, 7.49128622e+03,
       7.36475399e+03, 7.24035877e+03, 7.11805524e+03, 6.99780119e+03,
       6.87955690e+03, 6.76328483e+03, 6.64894921e+03, 6.53651574e+03,
       6.42595142e+03, 6.31722438e+03, 6.21030370e+03, 6.10515928e+03,
       6.00176181e+03, 5.90008261e+03, 5.80009366e+03, 5.70176748e+03,
       5.60507712e+03, 5.50999613e+03, 5.41649852e+03, 5.32455873e+03,
       5.23415163e+03, 5.14525251e+03, 5.05783705e+03, 4.97188130e+03,
       4.88736171e+03, 4.80425505e+03, 4.72253850e+03, 4.64218956e+03,
       4.56318608e+03, 4.48550624e+03, 4.40912858e+03, 4.33403193e+03,
       4.26019547e+03, 4.18759869e+03, 4.11622139e+03, 4.04604368e+03,
       3.97704599e+03, 3.90920902e+03, 3.84251379e+03, 3.77694161e+03,
       3.71247407e+03, 3.64909304e+03, 3.58678070e+03, 3.52551949e+03,
       3.46529210e+03, 3.40608152e+03, 3.34787100e+03, 3.29064403e+03,
       3.23438439e+03, 3.17907611e+03, 3.12470343e+03, 3.07125090e+03,
       3.01870327e+03, 2.96704554e+03, 2.91626297e+03, 2.86634103e+03,
       2.81726542e+03, 2.76902207e+03, 2.72159716e+03, 2.67497705e+03,
       2.62914834e+03, 2.58409784e+03, 2.53981255e+03, 2.49627973e+03,
       2.45348682e+03, 2.41142144e+03, 2.37007144e+03, 2.32942485e+03,
       2.28946991e+03, 2.25019504e+03, 2.21158882e+03, 2.17364006e+03,
       2.13633770e+03, 2.09967092e+03, 2.06362902e+03]



Infected:

[0.00000000e+00, 1.75435581e-01, 3.15191007e-01, 4.36509276e-01,
       5.51095429e-01, 6.67224458e-01, 7.91105155e-01, 9.27771399e-01,
       1.08167453e+00, 1.25708834e+00, 1.45839861e+00, 1.69032358e+00,
       1.95809599e+00, 2.26762699e+00, 2.62566609e+00, 3.03996704e+00,
       3.51946784e+00, 4.07449122e+00, 4.71697176e+00, 5.46071566e+00,
       6.32169937e+00, 7.31841407e+00, 8.47226351e+00, 9.80802412e+00,
       1.13543773e+01, 1.31445251e+01, 1.52169035e+01, 1.76160066e+01,
       2.03933427e+01, 2.36085383e+01, 2.73306181e+01, 3.16394851e+01,
       3.66276340e+01, 4.24021342e+01, 4.90869231e+01, 5.68254613e+01,
       6.57838018e+01, 7.61541420e+01, 8.81589286e+01, 1.02055604e+02,
       1.18142092e+02, 1.36763128e+02, 1.58317574e+02, 1.83266852e+02,
       2.12144659e+02, 2.45568159e+02, 2.84250838e+02, 3.29017256e+02,
       3.80819937e+02, 4.40758635e+02, 5.10102251e+02, 5.90313624e+02,
       6.83077405e+02, 7.90331155e+02, 9.14299641e+02, 1.05753214e+03,
       1.22294216e+03, 1.41384864e+03, 1.63401668e+03, 1.88769521e+03,
       2.17964729e+03, 2.51516704e+03, 2.90007469e+03, 3.34067837e+03,
       3.84368790e+03, 4.41606279e+03, 5.06477384e+03, 5.79645795e+03,
       6.61694975e+03, 7.53068393e+03, 8.53998247e+03, 9.64427019e+03,
       1.08392993e+04, 1.21165009e+04, 1.34626059e+04, 1.48596750e+04,
       1.62856331e+04, 1.77153238e+04, 1.91219943e+04, 2.04790266e+04,
       2.17616746e+04, 2.29485692e+04, 2.40228110e+04, 2.49725596e+04,
       2.57911208e+04, 2.64766121e+04, 2.70313237e+04, 2.74609068e+04,
       2.77735065e+04, 2.79789306e+04, 2.80879120e+04, 2.81114993e+04,
       2.80605826e+04, 2.79455495e+04, 2.77760557e+04, 2.75608905e+04,
       2.73079167e+04, 2.70240659e+04, 2.67153718e+04, 2.63870302e+04,
       2.60434717e+04, 2.56884427e+04, 2.53250860e+04, 2.49560199e+04,
       2.45834105e+04, 2.42090389e+04, 2.38343600e+04, 2.34605551e+04,
       2.30885765e+04, 2.27191870e+04, 2.23529920e+04, 2.19904681e+04,
       2.16319860e+04, 2.12778299e+04, 2.09282138e+04, 2.05832947e+04,
       2.02431834e+04, 1.99079538e+04, 1.95776497e+04, 1.92522913e+04,
       1.89318796e+04, 1.86164005e+04, 1.83058280e+04, 1.80001267e+04,
       1.76992538e+04, 1.74031609e+04, 1.71117950e+04, 1.68251001e+04,
       1.65430175e+04, 1.62654870e+04, 1.59924468e+04, 1.57238346e+04,
       1.54595876e+04, 1.51996427e+04, 1.49439367e+04, 1.46924071e+04,
       1.44449911e+04, 1.42016268e+04, 1.39622526e+04, 1.37268076e+04,
       1.34952314e+04, 1.32674642e+04, 1.30434473e+04, 1.28231221e+04,
       1.26064313e+04, 1.23933180e+04, 1.21837261e+04, 1.19776003e+04,
       1.17748861e+04, 1.15755296e+04, 1.13794777e+04, 1.11866782e+04,
       1.09970793e+04, 1.08106303e+04, 1.06272810e+04, 1.04469819e+04,
       1.02696843e+04, 1.00953403e+04, 9.92390257e+03, 9.75532441e+03,
       9.58955992e+03, 9.42656385e+03, 9.26629161e+03, 9.10869927e+03,
       8.95374355e+03, 8.80138181e+03, 8.65157209e+03, 8.50427303e+03,
       8.35944386e+03, 8.21704449e+03, 8.07703539e+03, 7.93937765e+03,
       7.80403295e+03, 7.67096355e+03, 7.54013228e+03, 7.41150257e+03,
       7.28503836e+03, 7.16070419e+03, 7.03846515e+03, 6.91828684e+03,
       6.80013539e+03, 6.68397750e+03, 6.56978035e+03, 6.45751165e+03,
       6.34713961e+03, 6.23863291e+03, 6.13196075e+03, 6.02709281e+03,
       5.92399926e+03, 5.82265071e+03, 5.72301826e+03, 5.62507345e+03,
       5.52878828e+03, 5.43413520e+03, 5.34108709e+03, 5.24961727e+03,
       5.15969945e+03, 5.07130789e+03, 4.98441708e+03]


Recovered:

[0.00000000e+00, 9.20729493e-03, 3.40785879e-02, 7.19522313e-02,
       1.21599557e-01, 1.82781912e-01, 2.55979378e-01, 3.42231001e-01,
       4.43048447e-01, 5.60379016e-01, 6.96603099e-01, 8.54556935e-01,
       1.03757540e+00, 1.24955206e+00, 1.49501532e+00, 1.77922101e+00,
       2.10826216e+00, 2.48919794e+00, 2.93020394e+00, 3.44074698e+00,
       4.03178788e+00, 4.71601641e+00, 5.50812359e+00, 6.42511697e+00,
       7.48668571e+00, 8.71562325e+00, 1.01383165e+01, 1.17853126e+01,
       1.36919742e+01, 1.58992390e+01, 1.84544983e+01, 2.14126137e+01,
       2.48370952e+01, 2.88014635e+01, 3.33908272e+01, 3.87037083e+01,
       4.48541554e+01, 5.19741878e+01, 6.02166251e+01, 6.97583597e+01,
       8.08041430e+01, 9.35909652e+01, 1.08393118e+02, 1.25528049e+02,
       1.45363127e+02, 1.68323450e+02, 1.94900875e+02, 2.25664414e+02,
       2.61272231e+02, 3.02485451e+02, 3.50184034e+02, 4.05384998e+02,
       4.69263281e+02, 5.43175575e+02, 6.28687438e+02, 7.27604010e+02,
       8.42004613e+02, 9.74281415e+02, 1.12718224e+03, 1.30385735e+03,
       1.50790968e+03, 1.74344747e+03, 2.01513768e+03, 2.32825722e+03,
       2.68873818e+03, 3.10320113e+03, 3.57896912e+03, 4.12405242e+03,
       4.74709246e+03, 5.45725226e+03, 6.26404077e+03, 7.17706140e+03,
       8.20568135e+03, 9.35862829e+03, 1.06435341e+04, 1.20664602e+04,
       1.36314503e+04, 1.53401639e+04, 1.71916380e+04, 1.91822128e+04,
       2.13056333e+04, 2.35533162e+04, 2.59147477e+04, 2.83779672e+04,
       3.09300839e+04, 3.35577802e+04, 3.62477653e+04, 3.89871546e+04,
       4.17637640e+04, 4.45663184e+04, 4.73845804e+04, 5.02094118e+04,
       5.30327803e+04, 5.58477252e+04, 5.86482945e+04, 6.14294640e+04,
       6.41870464e+04, 6.69175977e+04, 6.96183252e+04, 7.22869999e+04,
       7.49218758e+04, 7.75216172e+04, 8.00852339e+04, 8.26120245e+04,
       8.51015277e+04, 8.75534797e+04, 8.99677790e+04, 9.23444563e+04,
       9.46836489e+04, 9.69855803e+04, 9.92505421e+04, 1.01478881e+05,
       1.03670984e+05, 1.05827273e+05, 1.07948195e+05, 1.10034213e+05,
       1.12085806e+05, 1.14103461e+05, 1.16087671e+05, 1.18038932e+05,
       1.19957742e+05, 1.21844596e+05, 1.23699990e+05, 1.25524416e+05,
       1.27318360e+05, 1.29082305e+05, 1.30816729e+05, 1.32522105e+05,
       1.34198899e+05, 1.35847571e+05, 1.37468576e+05, 1.39062363e+05,
       1.40629372e+05, 1.42170040e+05, 1.43684796e+05, 1.45174062e+05,
       1.46638256e+05, 1.48077787e+05, 1.49493060e+05, 1.50884473e+05,
       1.52252417e+05, 1.53597278e+05, 1.54919437e+05, 1.56219266e+05,
       1.57497135e+05, 1.58753406e+05, 1.59988436e+05, 1.61202574e+05,
       1.62396168e+05, 1.63569558e+05, 1.64723078e+05, 1.65857057e+05,
       1.66971820e+05, 1.68067686e+05, 1.69144970e+05, 1.70203980e+05,
       1.71245019e+05, 1.72268389e+05, 1.73274382e+05, 1.74263289e+05,
       1.75235395e+05, 1.76190981e+05, 1.77130321e+05, 1.78053689e+05,
       1.78961350e+05, 1.79853569e+05, 1.80730603e+05, 1.81592706e+05,
       1.82440130e+05, 1.83273121e+05, 1.84091920e+05, 1.84896765e+05,
       1.85687892e+05, 1.86465531e+05, 1.87229909e+05, 1.87981248e+05,
       1.88719768e+05, 1.89445686e+05, 1.90159213e+05, 1.90860558e+05,
       1.91549926e+05, 1.92227520e+05, 1.92893539e+05, 1.93548177e+05,
       1.94191627e+05, 1.94824078e+05, 1.95445717e+05, 1.96056725e+05,
       1.96657283e+05, 1.97247567e+05, 1.97827752e+05, 1.98398008e+05,
       1.98958504e+05, 1.99509405e+05, 2.00050874e+05, 2.00583070e+05,
       2.01106152e+05, 2.01620273e+05, 2.02125586e+05]
